mean[ 1  2  3  4  5  6  7  8  9 10]  cov[[ 1.06996880e+05  6.00382650e+03 -6.20593727e+03  4.37046396e+03
   4.15964385e+03 -4.08880167e+03  5.61598047e+03  6.61371918e+02
   1.11292560e+03 -2.07628095e+03]
 [ 6.00382650e+03  1.05622324e+05  2.82766387e+03  3.50432946e+03
   6.34075714e+03 -5.17580564e+02  1.15834854e+03  2.28172353e+02
   5.74729777e+03  3.95451056e+03]
 [-6.20593727e+03  2.82766387e+03  1.01872077e+05  6.43081274e+02
  -4.78448635e+03  4.06725848e+03  1.70211071e+03  7.77282665e+03
  -5.85477797e+03 -5.99645387e+03]
 [ 4.37046396e+03  3.50432946e+03  6.43081274e+02  1.00640367e+05
  -5.02313694e+03 -5.74831549e+03  1.72508313e+03  4.51400862e+03
   1.46273494e+03  4.48766221e+03]
 [ 4.15964385e+03  6.34075714e+03 -4.78448635e+03 -5.02313694e+03
   9.74657233e+04  4.78458948e+03 -1.93909494e+03 -2.83159087e+03
  -6.45210250e+02 -7.33750236e+03]
 [-4.08880167e+03 -5.17580564e+02  4.06725848e+03 -5.74831549e+03
   4.78458948e+03  1.01270745e+05 -2.02532296e+03 -9.33724509e+01
   1.51079190e+03 -1.16598459e+03]
 [ 5.61598047e+03  1.15834854e+03  1.70211071e+03  1.72508313e+03
  -1.93909494e+03 -2.02532296e+03  9.52228182e+04  8.17389217e+03
   4.77083246e+03 -2.70220975e+02]
 [ 6.61371918e+02  2.28172353e+02  7.77282665e+03  4.51400862e+03
  -2.83159087e+03 -9.33724509e+01  8.17389217e+03  1.05961496e+05
   5.47318351e+03 -4.18587913e+03]
 [ 1.11292560e+03  5.74729777e+03 -5.85477797e+03  1.46273494e+03
  -6.45210250e+02  1.51079190e+03  4.77083246e+03  5.47318351e+03
   9.24349810e+04 -5.51413777e+02]
 [-2.07628095e+03  3.95451056e+03 -5.99645387e+03  4.48766221e+03
  -7.33750236e+03 -1.16598459e+03 -2.70220975e+02 -4.18587913e+03
  -5.51413777e+02  1.03647240e+05]]   stdev[324.66218699 322.5860279  315.57699088 315.29637676 309.11738425
 316.75964365 306.58379543 322.45500511 301.93276271 319.53545221]lr0.5   iteration  30000 
KL elbo 
[3.90865192e+05 1.64040666e+05 1.06086573e+05 ... 2.42033965e+00
 4.75847901e+00 1.62939171e+00] 
RGE elbo 
[4.41310811e+05 1.84236101e+05 1.39606537e+05 ... 8.79322903e-01
 3.67893740e-02 1.08675264e+00] 
RGE mean 0 
[1.96581059 1.93289253 1.90119022 ... 1.         1.         1.        ] 
RGE mean 1 
[3.98439591 3.96615785 3.94555598 ... 2.         2.         2.        ] 
RGE mean 2 
[5.83295196 5.67492678 5.52537751 ... 3.         3.         3.        ] 
RGE mean 3 
[7.83299867 7.67336885 7.52070814 ... 4.         4.         4.        ] 
RGE mean 4 
[9.73257629 9.47857392 9.23706938 ... 5.         5.         5.        ] 
RGE mean 5 
[11.74806606 11.50624416 11.27395127 ...  6.          6.
  6.        ] 
RGE mean 6 
[13.72977148 13.46985518 13.21962859 ...  7.          7.
  7.        ] 
RGE mean 7 
[15.72007378 15.44939628 15.1874559  ...  8.          8.
  8.        ] 
RGE mean 8 
[17.66232057 17.33706523 17.02333116 ...  9.          9.
  9.        ] 
RGE mean 9 
[19.63705462 19.28700452 18.94884974 ... 10.         10.
 10.        ] 
KL mean 0 
[2.49998104 4.06489632 3.88626813 ... 1.79532106 2.13309863 1.35950705] 
KL mean 1 
[4.49999997 4.75439893 4.81493534 ... 0.24397977 0.45310908 0.48888488] 
KL mean 2 
[6.49999984 5.2078275  5.08151355 ... 3.89731198 3.20931303 3.16781462] 
KL mean 3 
[8.49999921 7.0295824  6.44320014 ... 4.94295145 3.92684886 3.86927445] 
KL mean 4 
[9.50000001 9.38585754 9.65149858 ... 6.81958735 6.6605189  6.38654726] 
KL mean 5 
[12.49999999 12.66741691 12.63936396 ...  9.22220936  9.41801796
  9.6643886 ] 
KL mean 6 
[13.50000051 12.11769546 12.29235121 ...  8.7199604   9.1256786
  9.6754455 ] 
KL mean 7 
[15.50000002 15.83997689 15.81455147 ...  8.45475476  8.32748691
  8.45646098] 
KL mean 8 
[17.50000002 17.10207651 17.21706155 ...  4.16424615  4.09418496
  4.21009003] 
KL mean 9 
[19.50000001 19.51048271 19.40912312 ...  5.99586378  6.33156053
  5.64186523] 
 KL log scale 10 
[11.06557043 10.95825804 10.88216223 ...  5.43320801  5.73159864
  5.98169106] 
 KL log scale 11 
[11.05273971 10.83080653 10.72318099 ...  6.26803367  4.78100019
  5.04483857] 
 KL log scale 12 
[11.00880536 10.25465469 10.10719927 ...  5.91300866  5.37624939
  5.59534445] 
 KL log scale 13 
[11.00702615 10.62106542 10.42527099 ...  5.63829095  5.48286532
  5.92283564] 
 KL log scale 14 
[10.96744218 10.66701872 10.4988458  ...  5.88562279  5.27396741
  5.71830164] 
 KL log scale 15 
[11.01628653 10.89821577 10.70067929 ...  4.99444015  5.48625509
  5.79429453] 
 KL log scale 16 
[10.95098223 10.75669256 10.51846176 ...  5.74552309  6.18488505
  5.39502854] 
 KL log scale 17 
[11.05192721 10.94575091 10.87902905 ...  5.83958779  4.8658291
  5.38999708] 
 KL log scale 18 
[10.92040871 10.67870882 10.48898494 ...  4.73996838  5.07181548
  5.3879853 ] 
 KL log scale 19 
[11.03373646 10.82754531 10.65235142 ...  5.04201888  5.56381507
  5.9097639 ] 
 RGE log scale 10 
[11.06557043 10.87312558 10.73560258 ...  5.97272796  5.47272797
  5.97272796] 
 RGE log scale 11 
[11.05273971 10.86029489 10.72277193 ...  5.46631261  5.9663126
  5.46631261] 
 RGE log scale 12 
[11.00880536 10.81636069 10.67883786 ...  5.94434542  5.44434544
  5.94434542] 
 RGE log scale 13 
[11.00702615 10.81458148 10.67705866 ...  5.44345583  5.94345582
  5.44345583] 
 RGE log scale 14 
[10.96744218 10.77499764 10.63747495 ...  5.92366383  5.42366384
  5.92366383] 
 RGE log scale 15 
[11.01628653 10.82384183 10.68631898 ...  5.94808601  5.44808602
  5.94808601] 
 RGE log scale 16 
[10.95098223 10.75853775 10.62101511 ...  5.91543386  5.41543387
  5.91543386] 
 RGE log scale 17 
[11.05192721 10.8594824  10.72195944 ...  5.46590636  5.96590635
  5.46590636] 
 RGE log scale 18 
[10.92040871 10.72796433 10.5904418  ...  5.40014711  5.9001471
  5.40014711] 
 RGE log scale 19 
[11.03373646 10.8412917  10.7037688  ...  5.45681098  5.95681097
  5.45681098] 
KL mean grad 0 
[ 6.85392388e-06  6.59894460e-06  6.35503179e-06 ...  1.19262239e-19
  3.03576608e-19 -2.23616698e-19] 
KL mean grad 1 
[ 3.12233929e-06  3.64945405e-06  4.12259826e-06 ... -2.74438675e-20
  8.80914265e-21  8.67361738e-20] 
KL mean grad 2 
[ 3.54463928e-05  3.35119312e-05  3.16806828e-05 ...  3.95394980e-19
 -3.14418630e-19 -4.01154804e-19] 
KL mean grad 3 
[ 3.54352356e-05  3.38546263e-05  3.23480428e-05 ... -1.08420217e-19
  1.02999206e-19 -3.26615904e-19] 
KL mean grad 4 
[ 6.32993973e-05  6.00361170e-05  5.69337483e-05 ...  1.19262239e-19
  8.94466792e-20 -5.42101086e-21] 
KL mean grad 5 
[ 5.83328441e-05  5.59342213e-05  5.36297771e-05 ...  1.62630326e-20
 -4.33680869e-20 -2.24971951e-19] 
KL mean grad 6 
[ 6.42352346e-05  6.17144805e-05  5.92916100e-05 ... -1.14518854e-19
  1.09775470e-19  9.75781955e-20] 
KL mean grad 7 
[ 6.75666921e-05  6.52657148e-05  6.30370078e-05 ... -4.33680869e-20
  2.16840434e-19 -6.36968776e-20] 
KL mean grad 8 
[ 9.15754173e-05  8.80542705e-05  8.46672436e-05 ... -1.40946282e-19
 -1.76182853e-19  5.96311195e-20] 
KL mean grad 9 
[ 1.05536520e-04  1.01589850e-04  9.77889810e-05 ...  1.73472348e-19
  8.13151629e-21 -3.98274892e-19] 
RGE mean grad0 
[ 6.85392388e-06  6.59894460e-06  6.35503179e-06 ...  1.19262239e-19
  3.03576608e-19 -2.23616698e-19] 
RGE mean grad1 
[ 3.12233929e-06  3.64945405e-06  4.12259826e-06 ... -2.74438675e-20
  8.80914265e-21  8.67361738e-20] 
RGE mean grad2 
[ 3.54463928e-05  3.35119312e-05  3.16806828e-05 ...  3.95394980e-19
 -3.14418630e-19 -4.01154804e-19] 
RGE mean grad3 
[ 3.54352356e-05  3.38546263e-05  3.23480428e-05 ... -1.08420217e-19
  1.02999206e-19 -3.26615904e-19] 
RGE mean grad4 
[ 6.32993973e-05  6.00361170e-05  5.69337483e-05 ...  1.19262239e-19
  8.94466792e-20 -5.42101086e-21] 
RGE mean grad5 
[ 5.83328441e-05  5.59342213e-05  5.36297771e-05 ...  1.62630326e-20
 -4.33680869e-20 -2.24971951e-19] 
RGE mean grad6 
[ 6.42352346e-05  6.17144805e-05  5.92916100e-05 ... -1.14518854e-19
  1.09775470e-19  9.75781955e-20] 
RGE mean grad7 
[ 6.75666921e-05  6.52657148e-05  6.30370078e-05 ... -4.33680869e-20
  2.16840434e-19 -6.36968776e-20] 
RGE mean grad8 
[ 9.15754173e-05  8.80542705e-05  8.46672436e-05 ... -1.40946282e-19
 -1.76182853e-19  5.96311195e-20] 
RGE mean grad9 
[ 1.05536520e-04  1.01589850e-04  9.77889810e-05 ...  1.73472348e-19
  8.13151629e-21 -3.98274892e-19] 
KL log scale grad 10 
[ 1.13217684e+05  2.31056392e+04  1.55615783e+04 ...  2.72490303e-01
 -4.10618216e-01 -3.30656169e-01] 
KL log scale grad 11 
[ 9.59308444e+04  4.07992921e+04  1.88137536e+04 ... -4.52311651e-01
  5.35886470e+00 -9.14836228e-01] 
KL log scale grad 12 
[ 3.63144434e+04  5.91205902e+04  1.10143649e+04 ... -3.79499915e-01
  8.35524024e-01 -3.26695559e-01] 
KL log scale grad 13 
[ 6.58722247e+04  4.97436011e+04  2.41252189e+04 ...  4.56773492e-01
  2.08002927e-01 -5.81556178e-01] 
KL log scale grad 14 
[ 3.98888248e+04  2.31590489e+04  1.23690054e+04 ... -7.73456108e-01
  9.86223487e-01 -7.08212222e-01] 
KL log scale grad 15 
[ 1.20045647e+05  2.69683438e+04  4.31416284e+04 ...  1.44182706e+00
 -8.06606237e-01 -4.88640911e-01] 
KL log scale grad 16 
[ 6.29241501e+04  2.33734110e+04  2.75028671e+04 ... -1.77451642e-02
 -6.02753901e-01  1.18665907e+00] 
KL log scale grad 17 
[ 1.07817049e+05  2.17694618e+04  1.29896221e+04 ... -4.14337988e-01
  1.45231192e+00 -7.86105981e-01] 
KL log scale grad 18 
[ 7.15220652e+04  3.31896107e+04  2.48953473e+04 ...  3.59343575e+00
 -8.29517088e-01 -7.65226560e-01] 
KL log scale grad 19 
[ 6.83035178e+04  2.69518690e+04  2.18595658e+04 ...  1.25909792e+00
 -8.30772658e-01 -5.35509037e-01] 
RGE log scale grad 10 
[ 1.05404536e+05  3.87755296e+04  2.63874245e+04 ... -4.62117148e-01
  4.62117148e-01 -4.62117148e-01] 
RGE log scale grad 11 
[ 1.04060745e+05  3.82811767e+04  2.60510068e+04 ...  4.62117148e-01
 -4.62117148e-01  4.62117148e-01] 
RGE log scale grad 12 
[ 9.95878372e+04  3.66356858e+04  2.49312148e+04 ... -4.62117148e-01
  4.62117148e-01 -4.62117148e-01] 
RGE log scale grad 13 
[ 9.94108052e+04  3.65705593e+04  2.48868949e+04 ...  4.62117148e-01
 -4.62117148e-01  4.62117148e-01] 
RGE log scale grad 14 
[ 9.55525572e+04  3.51511892e+04  2.39209831e+04 ... -4.62117148e-01
  4.62117148e-01 -4.62117148e-01] 
RGE log scale grad 15 
[ 1.00335672e+05  3.69107988e+04  2.51184351e+04 ... -4.62117148e-01
  4.62117148e-01 -4.62117148e-01] 
RGE log scale grad 16 
[ 9.39926236e+04  3.45773217e+04  2.35304539e+04 ... -4.62117148e-01
  4.62117148e-01 -4.62117148e-01] 
RGE log scale grad 17 
[ 1.03976230e+05  3.82500854e+04  2.60298484e+04 ...  4.62117148e-01
 -4.62117148e-01  4.62117148e-01] 
RGE log scale grad 18 
[ 9.11623932e+04  3.35361381e+04  2.28219061e+04 ...  4.62117148e-01
 -4.62117148e-01  4.62117148e-01] 
RGE log scale grad 19 
[ 1.02101905e+05  3.75605597e+04  2.55606114e+04 ...  4.62117148e-01
 -4.62117148e-01  4.62117148e-01]paramter histories
[ 1.23296793  0.6560686   2.32985782  4.58351497  4.07010085  5.63830927
  7.20032059  9.86463004  9.12974007 10.50128017  5.70090016  5.69321821
  5.67268984  5.67367247  5.6509068   5.67578585  5.64696627  5.69706848
  5.62955511  5.68762943]
[ 1.          2.          3.          4.          5.          6.
  7.          8.00000001  9.         10.          5.72292528  5.71611529
  5.69454304  5.69325851  5.67386115  5.69828333  5.66563077  5.71570904
  5.64994979  5.70661366]
average time cost[19.256  6.892]average mean error[0. 0.]average scale error[0.006 0.003]average iteration time [array([15494,  1667])]average variance reduction84.817