mean[ 1  2  3  4  5  6  7  8  9 10 11 12 13 14 15 16 17 18 19 20 21 22 23 24
 25 26 27 28 29 30 31 32 33 34 35 36 37 38 39 40 41 42 43 44 45 46 47 48
 49 50]  cov[[ 1.36021189e+02 -1.46861466e+00 -8.53626344e-03 ... -1.34077768e+10
   4.70941025e+10  3.47354772e+09]
 [-1.46861466e+00  3.75310587e+02 -4.91250259e+00 ... -5.36967602e+09
  -1.25444352e+10  3.13637637e+10]
 [-8.53626344e-03 -4.91250259e+00  9.97143376e+02 ...  3.56028266e+08
  -1.58132509e+11 -2.54690363e+11]
 ...
 [-1.34077768e+10 -5.36967602e+09  3.56028266e+08 ...  3.53487054e+22
   5.69369932e+20 -1.42484664e+21]
 [ 4.70941025e+10 -1.25444352e+10 -1.58132509e+11 ...  5.69369932e+20
   9.40481312e+22 -3.59033098e+20]
 [ 3.47354772e+09  3.13637637e+10 -2.54690363e+11 ... -1.42484664e+21
  -3.59033098e+20  2.63313326e+23]]   stdev[1.16448888e+01 1.93454039e+01 3.15255984e+01 5.19640765e+01
 8.65027091e+01 1.40990943e+02 2.32426959e+02 3.85372404e+02
 6.38136674e+02 1.05525558e+03 1.73450867e+03 2.85523858e+03
 4.69953180e+03 7.74082395e+03 1.28145318e+04 2.12356871e+04
 3.48080577e+04 5.69670619e+04 9.42381168e+04 1.56251195e+05
 2.55196525e+05 4.24127828e+05 6.91038366e+05 1.15278884e+06
 1.88781596e+06 3.11555060e+06 5.16109224e+06 8.50796058e+06
 1.38951968e+07 2.31475958e+07 3.79559900e+07 6.29763605e+07
 1.04143725e+08 1.70291931e+08 2.80224023e+08 4.60877909e+08
 7.69024567e+08 1.26402146e+09 2.07000822e+09 3.40342258e+09
 5.59084246e+09 9.30629961e+09 1.53804241e+10 2.53406334e+10
 4.17097299e+10 6.89157097e+10 1.14095557e+11 1.87701794e+11
 3.06115141e+11 5.12225011e+11]lr0.5   iteration  30000